bin,obs,exp
4,0,0.0149279649502681
6,0,0.00666796257463656
8,0,0.0149279649502681
10,0,0.0408037953483169
12,0,0.0428920516791529
14,0,0.0200038877239097
16,0,0.0266718502985462
18,0,0.156167044228837
20,0,0.00666796257463656
22,0,0.0750672444960879
24,0,0.185390761267291
26,0,0.177145996960835
28,0,0.0558767478717977
30,0,0.232554619720205
32,0,0.0657927764826311
34,0,0.0223136789104
36,0,0.163833618099809
38,0,0.0921955593268638
40,0,0.390200091500769
42,1,0.121969571312769
44,0,0.0446359055007029
46,0,0.154420064635784
48,3,0.372771877584507
50,0,0.29805453132352
51,1,0.00099403578528827
52,0,0.235288057065786
54,0,0.460421555064459
56,0,0.430900792285145
58,1,0.359458219744869
59,2,0.0188383441423342
60,0,0.170114492168266
62,1,0.299347303745234
64,0,0.228355744012687
66,0,0.391158868398843
68,0,0.917956157578507
70,0,0.320978903585303
71,1,0.00517412935323383
72,1,0.639585897325416
74,1,0.602359371641116
75,1,0.00178465199286139
76,0,0.73410132167006
78,1,0.762145701768552
80,0,0.733083634798512
82,1,0.420091966295073
83,1,0.00695825049701789
84,0,0.419629250650884
86,1,0.784501964679909
87,1,0.00099403578528827
88,0,0.957792270785973
90,0,1.20373190458189
91,1,0.00178465199286139
92,0,1.07871668136445
93,1,0.00807265388496468
94,0,1.42693548763379
96,0,1.15368262344329
98,1,0.596163504941491
100,0,1.08103796084379
101,1,0.00161453077699294
102,0,0.651546808934169
104,1,0.525210009115855
106,0,0.621785284031272
108,1,0.762497551603157
110,0,1.92007215140296
112,1,1.40479391293664
113,3,0.00620348154208819
114,1,0.92847226412492
116,1,1.25833690334588
117,2,0.0945469386112414
118,0,1.83314883636922
120,0,0.971790112928098
122,1,1.11182284444794
124,0,1.24438683645443
126,0,1.4611256299523
127,1,0.00484359233097881
128,0,1.3710057229232
130,0,1.41825278588269
132,0,1.06448763414919
134,1,0.619184924174523
136,0,0.834115771668524
138,0,0.420267083670919
140,0,0.375003793324984
142,0,0.360610936518675
144,0,0.450883498204277
145,1,0.000832292967124428
146,0,0.402935023969956
148,1,0.695260699905256
150,0,0.844160582910559
152,0,0.295582836212669
153,1,0.00144196106705119
154,1,0.174799466081901
156,0,0.318470557642929
158,0,0.4936607591292
160,0,0.506937734482165
161,1,0.00285714285714286
162,0,0.532052646102237
164,0,0.362618870610578
166,0,0.51488689222178
168,0,0.788153192211412
169,1,0.00034494653328734
170,1,0.883893060801189
171,1,0.00144196106705119
172,0,0.65216088673615
174,0,0.570267431651189
175,1,0.00112431737873434
176,0,0.424177526003019
177,1,0.011694006821504
178,0,0.494308281896764
180,0,0.558439669034693
182,0,0.569176757172149
183,1,0.00249687890137328
184,1,0.966649109126775
185,1,0.000517687661777394
186,0,0.589598512807592
187,1,0.00144196106705119
188,0,0.436608863578498
190,0,0.567566047012256
191,1,0.00787022165114038
192,0,0.383983022633046
194,0,0.315738551852383
196,0,0.201629845317878
197,2,0.00178753588135145
198,0,0.382241530478778
200,0,0.302459402910406
202,0,0.42650937497378
204,0,0.806345371829638
206,1,0.564744729743748
208,1,0.738769289455084
210,0,0.512307904947431
212,0,0.55399885538431
214,1,0.579752383265673
216,1,0.485275628108402
217,1,0.00720980533525595
218,0,0.473560600610869
219,2,0.0203449465332873
220,1,0.661381988534699
222,0,0.671849713949457
224,1,0.759799047765157
226,0,0.550750623244329
228,0,0.247991922411894
230,3,0.355713866576498
232,1,0.275581457927799
234,0,0.403939467405453
236,0,0.547437378703179
238,0,0.220103760883873
240,0,0.45905616995014
242,0,0.384194990172596
244,0,0.525994871041488
245,1,0.000639079725195718
246,0,0.487190434010796
248,0,0.38817086063069
250,1,0.286486929139071
251,1,0.011694006821504
252,1,0.38491090451012
253,1,0.0675
254,1,0.559690995614104
256,0,0.693994027952507
257,1,0.0039649760449364
258,0,0.83082250838037
259,1,0.00129933409127822
260,1,0.711933938342375
262,0,0.728092743387191
264,0,0.595739481983829
266,0,0.350532595718508
268,0,0.587319830319391
270,0,0.33713568705856
272,1,0.264992754633314
274,1,0.415308588738029
276,0,0.516265896095427
277,1,0.000639079725195718
278,0,0.852002558718335
280,0,1.06686969389317
281,1,0.0075
282,0,0.724353089165357
284,0,0.916831752009363
286,0,0.905204637561359
288,0,0.636047877153977
290,0,0.822696873116351
292,1,0.665509284652134
294,0,1.06828368830856
296,3,1.00378663801297
297,1,0.000639079725195718
298,0,0.916762861315286
300,0,0.661355537293278
302,2,0.32289018071168
304,0,0.377340339043445
306,0,0.198115336628563
308,0,0.188616124913682
310,0,0.0635730606460531
311,1,0.00389800227383466
312,0,0.0351557466018547
314,0,0.0548271906668599
316,0,0.113400840444576
318,0,0.200148321671399
320,0,0.0245018495616662
322,0,0.00118623962040332
324,0,0.00474495848161329
326,0,0.0359653902438977
328,0,0.00771055753262159
330,0,0.00355871886120996
332,0,0.00889679715302491
334,0,0.0154211150652432
336,0,0.0112692763938316
338,1,0.00771055753262159
340,0,0.0106761565836299
342,0,0.0100830367734282
344,0,0.0225385527876631
346,0,0.0266903914590747
348,0,0.0124555160142349
350,0,0.0284697508896797
352,0,0.0183867141162515
354,0,0.0290628706998814
356,0,0.0308422301304864
358,0,0.0255041518386714
360,0,0.0177935943060498
362,0,0.0166073546856465
364,1,0.036773428232503
366,0,0.0444839857651246
368,0,0.0545670225385528
370,0,0.0444839857651246
372,0,0.0480427046263345
374,0,0.0403321470937129
376,0,0.0231316725978648
378,0,0.036773428232503
380,0,0.0207591933570581
382,0,0.0154211150652432
384,0,0.0249110320284698
386,0,0.033214709371293
388,0,0.0527876631079478
390,0,0.0593119810201661
392,0,0.0438908659549229
394,0,0.0533807829181495
396,0,0.0539739027283511
398,0,0.0421115065243179
400,0,0.0516014234875445
402,0,0.0444839857651246
404,0,0.062870699881376
406,0,0.0616844602609727
408,0,0.0640569395017794
410,0,0.0450771055753262
412,0,0.0195729537366548
414,0,0.0231316725978648
416,0,0.0112692763938316
418,0,0.00711743772241993
420,0,0.0029655990510083
422,0,0.00177935943060498
424,0,0.00415183867141162
426,0,0.0118623962040332
428,0,0.00948991696322657
430,0,0.00237247924080664
436,0,0.0029655990510083
